-50.5133341 -30.1470083
-50.51337 -30.14701
-50.5134 -30.14701
-50.51343 -30.14701
-50.51344 -30.14701
-50.51345 -30.14702
-50.51346 -30.14702
-50.51347 -30.14702
-50.51347 -30.14703
-50.51348 -30.14703
-50.5135 -30.14704
-50.51352 -30.14706
-50.51353 -30.14707
-50.51354 -30.14709
-50.51356 -30.14711
-50.51356 -30.14713
-50.51357 -30.14715
-50.51358 -30.14717
-50.51358 -30.14718
-50.51358 -30.1472
-50.51358 -30.14722
-50.51358 -30.14723
-50.51357 -30.14725
-50.51357 -30.14726
-50.51356 -30.14728
-50.51356 -30.1473
-50.5135552 -30.1472965
-50.51353 -30.14732
-50.51356 -30.14734
-50.51358 -30.14736
-50.5136 -30.14739
-50.51371 -30.1476
-50.51379 -30.14775
-50.51388 -30.14803
-50.51398 -30.14834
-50.51398 -30.1487
-50.51398 -30.14906
-50.51392 -30.14945
-50.51392 -30.14948
-50.51389 -30.14967
-50.51386 -30.14984
-50.51378 -30.15017
-50.5136 -30.15067
-50.51356 -30.15071
-50.51355 -30.15074
-50.51354 -30.15079
-50.51345 -30.15108
-50.5132 -30.15195
-50.51223 -30.15532
-50.51216 -30.15557
-50.51175 -30.15698
-50.51108 -30.15926
-50.51051 -30.16126
-50.51048 -30.16138
-50.50983 -30.1636
-50.50949 -30.16478
-50.50917 -30.16591
-50.50894 -30.16669
-50.50876 -30.16728
-50.50861 -30.16778
-50.5085 -30.16818
-50.50782 -30.17053
-50.50742 -30.17199
-50.50724 -30.17256
-50.50717 -30.17282
-50.507 -30.17345
-50.5069 -30.17376
-50.50569 -30.17793
-50.50436 -30.18255
-50.50412 -30.18341
-50.50391 -30.1841
-50.5038 -30.18447
-50.5033 -30.18621
-50.503 -30.18729
-50.50079 -30.19489
-50.50017 -30.19707
-50.49964 -30.19886
-50.49939 -30.19977
-50.49927 -30.20019
-50.49867 -30.20228
-50.49861 -30.20248
-50.49814 -30.2041
-50.49803 -30.20448
-50.49791 -30.2049
-50.4978 -30.20529
-50.49763 -30.20589
-50.49758 -30.20605
-50.49724 -30.20718
-50.49695 -30.20825
-50.49685 -30.20859
-50.49668 -30.20918
-50.49662 -30.20935
-50.49652 -30.20968
-50.49638 -30.21017
-50.49596 -30.21162
-50.49556 -30.21302
-50.49551 -30.2132
-50.49531 -30.21388
-50.49508 -30.21468
-50.49504 -30.2148
-50.49492 -30.21522
-50.4948 -30.2156
-50.49435 -30.21682
-50.49424 -30.21711
-50.49392 -30.21796
-50.49344 -30.21922
-50.4926 -30.22144
-50.49222 -30.22247
-50.49177 -30.22367
-50.48993 -30.22856
-50.48935 -30.23014
-50.48902 -30.23099
-50.48785 -30.23416
-50.48783 -30.23421
-50.48777 -30.23438
-50.48771 -30.23455
-50.48764 -30.23472
-50.48758 -30.23489
-50.48745 -30.23524
-50.48713 -30.23609
-50.48706 -30.23626
-50.48705 -30.23629
-50.48654 -30.23763
-50.48647 -30.2378
-50.48618 -30.23855
-50.48554 -30.24028
-50.48542 -30.2406
-50.48526 -30.24103
-50.48525 -30.24104
-50.48519 -30.24121
-50.48512 -30.24138
-50.48473 -30.24241
-50.48466 -30.24258
-50.48461 -30.24272
-50.48459 -30.24278
-50.48457 -30.24283
-50.48453 -30.24295
-50.48444 -30.24321
-50.48434 -30.24347
-50.48425 -30.24373
-50.48415 -30.24398
-50.48408 -30.24419
-50.48404 -30.24428
-50.48384 -30.24482
-50.48365 -30.24531
-50.48362 -30.2454
-50.48349 -30.24575
-50.48299 -30.24702
-50.48232 -30.24882
-50.48226 -30.24899
-50.48223 -30.24906
-50.48219 -30.24917
-50.48142 -30.25127
-50.48091 -30.25259
-50.48085 -30.25276
-50.48078 -30.25293
-50.48065 -30.25327
-50.48058 -30.25344
-50.48037 -30.25399
-50.48024 -30.25442
-50.48021 -30.25454
-50.48014 -30.25477
-50.48008 -30.2551
-50.48004 -30.25542
-50.48002 -30.25566
-50.47997 -30.2568
-50.47996 -30.25698
-50.47992 -30.25792
-50.47991 -30.25813
-50.4799 -30.25836
-50.47986 -30.25869
-50.4798 -30.259
-50.47976 -30.25917
-50.47971 -30.25935
-50.47962 -30.25961
-50.4794 -30.26015
-50.47939 -30.2602
-50.47936 -30.26026
-50.47909 -30.26102
-50.47884 -30.26171
-50.47855 -30.26248
-50.47794 -30.26418
-50.47778 -30.2647
-50.47763 -30.26524
-50.47757 -30.26546
-50.47738 -30.26633
-50.47694 -30.26846
-50.47681 -30.26909
-50.47675 -30.26941
-50.47674 -30.26944
-50.4767 -30.26968
-50.47651 -30.2706
-50.47645 -30.27092
-50.47642 -30.2713
-50.47642 -30.27156
-50.47643 -30.27182
-50.47646 -30.27213
-50.47648 -30.27225
-50.47651 -30.27241
-50.47654 -30.27258
-50.47659 -30.27278
-50.47667 -30.27306
-50.4769 -30.27384
-50.47767 -30.27653
-50.47773 -30.27673
-50.47779 -30.27701
-50.47781 -30.27717
-50.47783 -30.27739
-50.47785 -30.27788
-50.47784 -30.27857
-50.47782 -30.2801
-50.47779 -30.28232
-50.47778 -30.28256
-50.47775 -30.28328
-50.47774 -30.28403
-50.47774 -30.28469
-50.47773 -30.28526
-50.47774 -30.28545
-50.47774 -30.28564
-50.47777 -30.28586
-50.47781 -30.2863
-50.47787 -30.28669
-50.47821 -30.28872
-50.47855 -30.29065
-50.47864 -30.29118
-50.47873 -30.29168
-50.47886 -30.29241
-50.47901 -30.29332
-50.47914 -30.29408
-50.47938 -30.29546
-50.4795 -30.29618
-50.47957 -30.29652
-50.47967 -30.29685
-50.47973 -30.29703
-50.4798 -30.29717
-50.47985 -30.29727
-50.47989 -30.29734
-50.47998 -30.29749
-50.48004 -30.29759
-50.4801 -30.29768
-50.48021 -30.29784
-50.48034 -30.29801
-50.48137 -30.29924
-50.48279 -30.30098
-50.48334 -30.30166
-50.48389 -30.30234
-50.48451 -30.30313
-50.4846 -30.30324
-50.48469 -30.3034
-50.48474 -30.3035
-50.48479 -30.30359
-50.48484 -30.30367
-50.48489 -30.3038
-50.48496 -30.30398
-50.485 -30.30411
-50.48503 -30.30424
-50.48508 -30.3045
-50.48513 -30.30475
-50.48526 -30.30545
-50.48537 -30.30619
-50.4854 -30.30631
-50.48572 -30.30811
-50.4858 -30.30858
-50.48615 -30.31074
-50.48621 -30.3111
-50.48645 -30.31246
-50.4865 -30.31271
-50.48655 -30.31294
-50.48678 -30.31383
-50.48696 -30.31449
-50.48712 -30.31511
-50.48727 -30.31569
-50.4878 -30.31771
-50.48801 -30.31852
-50.4884 -30.32008
-50.48852 -30.32051
-50.48863 -30.32087
-50.4887 -30.32105
-50.48882 -30.32138
-50.48895 -30.32168
-50.48914 -30.32208
-50.48937 -30.32257
-50.48941 -30.32265
-50.49041 -30.32473
-50.49147 -30.32699
-50.49236 -30.32883
-50.49261 -30.32933
-50.49287 -30.32988
-50.49361 -30.33145
-50.494 -30.33223
-50.49408 -30.33241
-50.49421 -30.33271
-50.49426 -30.33284
-50.49429 -30.33294
-50.49433 -30.33308
-50.49436 -30.33321
-50.49439 -30.33334
-50.49444 -30.33354
-50.49448 -30.33376
-50.49451 -30.3339
-50.49453 -30.3341
-50.4946 -30.3367
-50.49464 -30.33805
-50.49468 -30.33909
-50.49473 -30.34084
-50.49475 -30.34226
-50.49477 -30.34323
-50.49484 -30.34554
-50.49489 -30.34699
-50.49491 -30.34786
-50.49491 -30.34803
-50.49491 -30.3481
-50.49495 -30.34945
-50.49498 -30.35035
-50.49504 -30.35269
-50.49507 -30.35379
-50.4951 -30.35502
-50.49514 -30.35703
-50.49515 -30.35721
-50.49515 -30.35725
-50.49518 -30.35789
-50.49523 -30.35946
-50.49524 -30.36008
-50.49528 -30.36134
-50.49529 -30.36186
-50.49536 -30.36422
-50.4954 -30.36539
-50.49551 -30.36864
-50.49551 -30.36887
-50.49558 -30.37091
-50.49559 -30.37122
-50.49564 -30.37322
-50.49565 -30.37365
-50.49575 -30.37795
-50.49577 -30.37891
-50.49581 -30.38033
-50.49583 -30.38134
-50.49585 -30.38167
-50.49588 -30.38182
-50.49601 -30.38265
-50.4961 -30.38313
-50.49627 -30.38374
-50.49646 -30.38434
-50.49666 -30.38494
-50.49678 -30.38533
-50.49739 -30.38725
-50.4977 -30.38828
-50.49789 -30.3889
-50.49809 -30.38956
-50.49884 -30.39183
-50.49902 -30.39241
-50.49918 -30.39293
-50.49924 -30.39311
-50.49956 -30.39414
-50.50003 -30.3956
-50.50018 -30.39611
-50.50019 -30.39614
-50.50025 -30.39639
-50.50028 -30.39648
-50.50043 -30.39716
-50.50047 -30.39733
-50.50061 -30.39813
-50.50063 -30.39823
-50.50072 -30.39879
-50.50078 -30.39919
-50.50083 -30.39945
-50.50096 -30.40016
-50.50108 -30.40085
-50.50109 -30.40092
-50.50118 -30.40139
-50.50131 -30.40218
-50.50151 -30.40333
-50.50157 -30.40365
-50.50192 -30.40561
-50.50196 -30.40592
-50.50204 -30.40652
-50.50211 -30.40716
-50.50213 -30.40747
-50.50214 -30.40763
-50.50214 -30.40784
-50.50215 -30.40875
-50.50215 -30.40893
-50.50213 -30.40947
-50.50208 -30.41022
-50.50203 -30.4113
-50.50199 -30.41194
-50.50197 -30.41228
-50.50196 -30.41235
-50.50195 -30.41264
-50.50184 -30.41447
-50.50183 -30.41466
-50.50172 -30.41652
-50.5017 -30.41697
-50.50167 -30.41751
-50.50164 -30.41823
-50.50163 -30.41837
-50.50162 -30.41861
-50.50161 -30.41872
-50.50157 -30.41929
-50.50155 -30.41963
-50.50155 -30.41974
-50.50149 -30.42065
-50.50149 -30.42069
-50.50147 -30.42102
-50.50145 -30.42158
-50.50131 -30.4239
-50.50128 -30.42446
-50.50126 -30.42481
-50.50122 -30.42551
-50.50121 -30.42577
-50.50118 -30.42621
-50.50116 -30.42669
-50.50114 -30.4269
-50.50113 -30.42713
-50.50112 -30.42742
-50.50106 -30.42839
-50.50105 -30.42855
-50.50099 -30.42973
-50.50092 -30.43093
-50.50087 -30.4318
-50.50082 -30.43266
-50.50078 -30.43329
-50.50076 -30.43369
-50.50072 -30.4344
-50.50066 -30.43556
-50.5006 -30.43666
-50.50055 -30.43738
-50.50052 -30.43787
-50.50044 -30.4394
-50.50044 -30.43947
-50.5004 -30.4401
-50.50034 -30.4413
-50.50028 -30.4424
-50.50024 -30.44308
-50.50017 -30.4442
-50.50014 -30.44478
-50.50012 -30.4453
-50.50008 -30.44643
-50.50006 -30.44693
-50.49993 -30.44913
-50.49989 -30.44985
-50.4998 -30.45056
-50.49967 -30.45127
-50.49958 -30.45162
-50.49939 -30.45233
-50.49919 -30.45288
-50.49893 -30.45352
-50.4989 -30.4536
-50.49877 -30.45387
-50.4986 -30.45419
-50.49841 -30.45455
-50.49827 -30.4548
-50.49802 -30.45519
-50.49765 -30.45572
-50.49744 -30.45599
-50.49736 -30.4561
-50.49637 -30.45734
-50.49585 -30.458
-50.49389 -30.46044
-50.49247 -30.46222
-50.49244 -30.46225
-50.49236 -30.46237
-50.49228 -30.46248
-50.49144 -30.46351
-50.49111 -30.46387
-50.49074 -30.46421
-50.49034 -30.46452
-50.48986 -30.46484
-50.48935 -30.46513
-50.48883 -30.46539
-50.48799 -30.46581
-50.48695 -30.46635
-50.4869 -30.46638
-50.48529 -30.46722
-50.48422 -30.46776
-50.483 -30.4684
-50.4792 -30.47033
-50.47803 -30.47091
-50.47724 -30.47131
-50.47703 -30.47142
-50.47685 -30.47151
-50.47626 -30.47181
-50.47527 -30.47232
-50.47466 -30.47264
-50.4741 -30.47293
-50.47356 -30.4732
-50.47294 -30.47351
-50.47251 -30.47373
-50.47217 -30.47391
-50.47164 -30.47418
-50.47156 -30.47422
-50.47114 -30.47443
-50.47038 -30.47482
-50.4698 -30.47512
-50.46931 -30.47537
-50.46905 -30.4755
-50.46895 -30.47556
-50.46858 -30.47575
-50.46835 -30.47588
-50.46803 -30.47606
-50.46793 -30.47613
-50.46777 -30.47623
-50.4674 -30.4765
-50.4671 -30.47672
-50.46648 -30.47725
-50.46617 -30.47756
-50.46593 -30.47778
-50.46548 -30.4783
-50.46542 -30.47838
-50.46475 -30.47926
-50.46423 -30.47987
-50.46417 -30.47994
-50.46396 -30.48023
-50.46354 -30.48076
-50.46337 -30.48098
-50.46258 -30.48201
-50.4622 -30.48251
-50.4617 -30.48309
-50.46166 -30.48315
-50.46156 -30.4833
-50.45993 -30.48542
-50.4597 -30.48574
-50.45958 -30.48592
-50.45948 -30.48607
-50.45941 -30.48618
-50.45934 -30.48632
-50.45927 -30.48646
-50.45901 -30.48703
-50.45894 -30.48724
-50.45881 -30.48768
-50.45879 -30.48775
-50.45875 -30.48792
-50.45866 -30.48826
-50.45865 -30.48826
-50.45857 -30.48903
-50.45857 -30.4898
-50.4585 -30.49193
-50.45849 -30.4923
-50.45847 -30.49283
-50.45845 -30.49426
-50.45841 -30.49461
-50.4584 -30.4947
-50.45839 -30.49481
-50.45838 -30.49494
-50.45836 -30.49514
-50.4583 -30.49552
-50.45829 -30.49559
-50.45823 -30.4959
-50.45816 -30.49622
-50.45808 -30.49653
-50.45793 -30.49725
-50.45769 -30.49823
-50.45758 -30.49872
-50.45753 -30.49892
-50.4572 -30.50035
-50.45709 -30.50079
-50.45674 -30.50223
-50.45651 -30.50316
-50.4564 -30.50362
-50.45614 -30.50466
-50.45605 -30.50506
-50.45597 -30.50541
-50.45587 -30.50581
-50.4558 -30.50611
-50.45569 -30.5066
-50.45561 -30.50689
-50.45557 -30.50707
-50.45553 -30.50725
-50.4555 -30.50742
-50.45544 -30.50772
-50.45542 -30.50783
-50.45542 -30.50786
-50.45538 -30.50825
-50.45536 -30.50837
-50.45533 -30.50891
-50.45534 -30.50945
-50.45538 -30.50998
-50.45542 -30.51028
-50.45546 -30.51054
-50.45551 -30.5108
-50.45559 -30.51114
-50.45561 -30.51121
-50.45567 -30.51144
-50.45576 -30.5117
-50.45585 -30.51193
-50.45592 -30.51212
-50.45597 -30.51222
-50.45603 -30.51236
-50.45623 -30.51275
-50.45639 -30.51307
-50.45648 -30.51327
-50.45669 -30.5137
-50.45678 -30.5139
-50.45698 -30.51433
-50.45706 -30.51455
-50.45713 -30.51479
-50.45719 -30.51508
-50.45723 -30.51539
-50.45726 -30.51575
-50.45731 -30.51618
-50.45732 -30.51633
-50.45739 -30.51721
-50.45749 -30.51815
-50.45752 -30.51831
-50.45753 -30.51843
-50.45758 -30.51865
-50.45762 -30.51882
-50.45767 -30.51898
-50.45773 -30.51917
-50.45786 -30.51952
-50.45839 -30.52076
-50.45858 -30.52121
-50.45876 -30.52164
-50.45886 -30.52188
-50.45888 -30.52193
-50.45901 -30.52222
-50.45905 -30.52232
-50.45939 -30.52314
-50.46065 -30.52608
-50.46127 -30.52756
-50.4616 -30.52833
-50.46172 -30.52863
-50.46189 -30.52905
-50.46212 -30.52962
-50.46246 -30.53043
-50.46248 -30.53047
-50.46273 -30.53116
-50.4632 -30.5326
-50.46331 -30.5329
-50.46335 -30.53302
-50.46356 -30.53364
-50.46379 -30.53433
-50.46402 -30.53502
-50.46404 -30.53508
-50.46449 -30.5364
-50.46468 -30.53696
-50.46481 -30.53733
-50.46484 -30.53744
-50.46503 -30.53798
-50.46545 -30.53924
-50.46581 -30.54027
-50.46628 -30.54166
-50.46631 -30.54176
-50.46643 -30.5421
-50.46713 -30.54421
-50.46749 -30.54523
-50.46772 -30.54592
-50.46846 -30.5481
-50.46891 -30.54941
-50.46907 -30.54989
-50.46951 -30.55123
-50.47025 -30.55345
-50.4709 -30.55531
-50.47099 -30.55556
-50.47175 -30.55784
-50.47262 -30.56036
-50.47317 -30.56195
-50.47336 -30.56251
-50.47341 -30.56264
-50.47353 -30.56298
-50.47359 -30.56315
-50.47382 -30.56384
-50.47406 -30.56453
-50.47409 -30.56462
-50.47417 -30.56484
-50.47449 -30.56578
-50.47494 -30.5671
-50.4751 -30.56757
-50.47569 -30.5693
-50.47575 -30.56946
-50.47605 -30.57034
-50.47625 -30.57093
-50.47633 -30.57119
-50.47657 -30.57186
-50.47698 -30.57304
-50.47721 -30.57371
-50.47733 -30.57402
-50.47739 -30.57416
-50.47753 -30.57445
-50.47769 -30.57476
-50.47773 -30.57485
-50.47789 -30.57512
-50.478 -30.5753
-50.47807 -30.57542
-50.4782 -30.57562
-50.47878 -30.57637
-50.47896 -30.57657
-50.47966 -30.57736
-50.4805 -30.57828
-50.48111 -30.57896
-50.48208 -30.58005
-50.48258 -30.5806
-50.48356 -30.58169
-50.48448 -30.5827
-50.48488 -30.58315
-50.48541 -30.58374
-50.4855 -30.58384
-50.48559 -30.58395
-50.48574 -30.58414
-50.48575 -30.58415
-50.48596 -30.58442
-50.48618 -30.58476
-50.48631 -30.58494
-50.48647 -30.58519
-50.49 -30.59062
-50.49025 -30.591
-50.4907 -30.5917
-50.4912 -30.59247
-50.4918 -30.59338
-50.49235 -30.59423
-50.49286 -30.59501
-50.49327 -30.59563
-50.4936 -30.59612
-50.49381 -30.59645
-50.49404 -30.5968
-50.49425 -30.59708
-50.49439 -30.59726
-50.49448 -30.59739
-50.49476 -30.59771
-50.49504 -30.598
-50.49535 -30.5983
-50.4956 -30.59852
-50.49584 -30.59872
-50.49602 -30.5989
-50.49647 -30.59929
-50.49679 -30.59958
-50.49811 -30.60074
-50.49819 -30.6008
-50.50078 -30.60309
-50.5019 -30.60408
-50.50216 -30.60432
-50.50258 -30.60469
-50.50261 -30.60472
-50.50289 -30.60499
-50.50311 -30.60527
-50.50333 -30.60552
-50.50336 -30.60557
-50.5035 -30.60575
-50.50361 -30.60589
-50.50397 -30.60649
-50.50417 -30.60684
-50.50432 -30.60719
-50.50437 -30.6073
-50.50445 -30.6075
-50.50458 -30.60778
-50.50545 -30.6098
-50.50574 -30.61047
-50.50596 -30.61115
-50.50607 -30.61155
-50.50623 -30.61214
-50.50641 -30.61298
-50.50656 -30.61376
-50.50668 -30.61433
-50.50708 -30.6162
-50.50716 -30.61664
-50.50724 -30.61704
-50.50731 -30.61746
-50.50732 -30.61749
-50.50738 -30.61805
-50.50739 -30.61813
-50.50739 -30.6182
-50.50741 -30.61858
-50.50741 -30.61875
-50.50742 -30.61888
-50.50743 -30.61925
-50.50745 -30.61967
-50.50746 -30.61995
-50.50751 -30.62088
-50.50751 -30.62109
-50.50751 -30.62128
-50.50752 -30.62156
-50.50757 -30.62287
-50.50759 -30.62341
-50.50767 -30.62416
-50.50782 -30.62489
-50.50805 -30.62561
-50.50807 -30.62572
-50.50861 -30.6273
-50.50883 -30.62792
-50.5096 -30.63021
-50.5099 -30.6311
-50.51036 -30.63248
-50.51113 -30.63469
-50.51149 -30.63576
-50.51173 -30.63646
-50.51184 -30.63676
-50.51212 -30.63736
-50.51243 -30.63795
-50.51278 -30.63848
-50.51312 -30.63897
-50.51452 -30.64085
-50.51471 -30.64111
-50.51641 -30.64334
-50.51799 -30.64544
-50.5191 -30.6469
-50.51988 -30.64794
-50.52084 -30.6492
-50.52192 -30.65067
-50.52234 -30.65124
-50.52294 -30.65204
-50.52372 -30.65302
-50.52422 -30.65356
-50.52633 -30.65568
-50.527 -30.65633
-50.52847 -30.65776
-50.53056 -30.65986
-50.53266 -30.66195
-50.53373 -30.66299
-50.53427 -30.66351
-50.53466 -30.66392
-50.53693 -30.66616
-50.53716 -30.6664
-50.53788 -30.66712
-50.53885 -30.66809
-50.53953 -30.66872
-50.54018 -30.66924
-50.54076 -30.66968
-50.54084 -30.66974
-50.54134 -30.67012
-50.54378 -30.67205
-50.54398 -30.6722
-50.54626 -30.67398
-50.54685 -30.67444
-50.54748 -30.67493
-50.54864 -30.67587
-50.54919 -30.67631
-50.54958 -30.67662
-50.54976 -30.67675
-50.54989 -30.67686
-50.5513 -30.67794
-50.55204 -30.67852
-50.55377 -30.67989
-50.55411 -30.68015
-50.55446 -30.68042
-50.55484 -30.68071
-50.55529 -30.68106
-50.55582 -30.68147
-50.55591 -30.68156
-50.55607 -30.6817
-50.55624 -30.68187
-50.55689 -30.68257
-50.55752 -30.68328
-50.55814 -30.684
-50.55833 -30.68422
-50.56001 -30.68615
-50.56007 -30.68623
-50.56131 -30.68764
-50.56167 -30.68805
-50.56201 -30.68844
-50.56381 -30.69053
-50.56452 -30.69133
-50.56485 -30.69172
-50.56564 -30.69263
-50.5663 -30.69341
-50.56645 -30.69358
-50.56708 -30.69433
-50.56746 -30.69478
-50.56772 -30.69506
-50.56918 -30.69671
-50.56929 -30.69682
-50.56961 -30.69719
-50.56965 -30.69724
-50.56992 -30.69755
-50.56996 -30.69759
-50.57037 -30.69803
-50.5706 -30.69825
-50.57127 -30.69884
-50.57133 -30.69889
-50.57375 -30.70106
-50.57615 -30.70322
-50.57847 -30.70529
-50.57972 -30.70639
-50.57986 -30.70654
-50.57989 -30.70656
-50.58022 -30.70694
-50.58029 -30.70702
-50.58033 -30.70707
-50.58048 -30.70726
-50.58053 -30.70732
-50.58075 -30.70762
-50.58089 -30.70783
-50.58092 -30.70788
-50.5811 -30.70821
-50.58112 -30.70826
-50.58143 -30.70887
-50.58174 -30.70948
-50.58176 -30.70953
-50.58197 -30.70992
-50.58204 -30.71005
-50.58212 -30.71018
-50.58222 -30.71034
-50.58234 -30.71053
-50.5825 -30.71075
-50.58303 -30.71137
-50.5833 -30.71167
-50.58339 -30.71177
-50.58381 -30.71225
-50.58439 -30.7129
-50.58516 -30.71376
-50.58522 -30.71383
-50.58611 -30.71486
-50.58627 -30.71505
-50.58637 -30.71518
-50.58705 -30.71597
-50.58736 -30.71632
-50.58755 -30.71653
-50.58776 -30.71678
-50.58779 -30.71681
-50.58809 -30.71717
-50.58844 -30.71754
-50.58897 -30.71813
-50.59084 -30.72028
-50.59263 -30.72234
-50.59458 -30.72456
-50.59584 -30.72599
-50.59653 -30.72678
-50.59672 -30.727
-50.59683 -30.72713
-50.59815 -30.72865
-50.59848 -30.72903
-50.60035 -30.73114
-50.60217 -30.73323
-50.60389 -30.7352
-50.60585 -30.73744
-50.60777 -30.73962
-50.60779 -30.73965
-50.60913 -30.7412
-50.60923 -30.74131
-50.60951 -30.74164
-50.60964 -30.74178
-50.60994 -30.74212
-50.61058 -30.74282
-50.61148 -30.74386
-50.61234 -30.74486
-50.61261 -30.74516
-50.61264 -30.74519
-50.61283 -30.74541
-50.61489 -30.74777
-50.61567 -30.74864
-50.61588 -30.74889
-50.61673 -30.74985
-50.61674 -30.74986
-50.61727 -30.75045
-50.61769 -30.75095
-50.61825 -30.7516
-50.61855 -30.75193
-50.61875 -30.75216
-50.61893 -30.75236
-50.61935 -30.75286
-50.61976 -30.75333
-50.62011 -30.75372
-50.62024 -30.75387
-50.62064 -30.75432
-50.62154 -30.75539
-50.62197 -30.75589
-50.62201 -30.75593
-50.62248 -30.7565
-50.62313 -30.75739
-50.62319 -30.75748
-50.62385 -30.75838
-50.6239 -30.75845
-50.62402 -30.75861
-50.62446 -30.75922
-50.62455 -30.75933
-50.6247 -30.75955
-50.6255 -30.76065
-50.62561 -30.76081
-50.62562 -30.76081
-50.62666 -30.76224
-50.62673 -30.76234
-50.62725 -30.76307
-50.62889 -30.76532
-50.62913 -30.76566
-50.6297 -30.76645
-50.6298 -30.76659
-50.63043 -30.76745
-50.63114 -30.76844
-50.63122 -30.76856
-50.63205 -30.7697
-50.63363 -30.77191
-50.63464 -30.77328
-50.63528 -30.77416
-50.63618 -30.77537
-50.63686 -30.77625
-50.63702 -30.77646
-50.63785 -30.77749
-50.63799 -30.77768
-50.63859 -30.77842
-50.64141 -30.78214
-50.64244 -30.78349
-50.64409 -30.78555
-50.6441 -30.78557
-50.64656 -30.7887
-50.64856 -30.79123
-50.65219 -30.79585
-50.6525 -30.79623
-50.65692 -30.80196
-50.65882 -30.80438
-50.65913 -30.8048
-50.66135 -30.80769
-50.66317 -30.80992
-50.66334 -30.81015
-50.66349 -30.81037
-50.66371 -30.8107
-50.6641 -30.81131
-50.66461 -30.81209
-50.66558 -30.81361
-50.66654 -30.8151
-50.66667 -30.8153
-50.66673 -30.8154
-50.66679 -30.81548
-50.66685 -30.81558
-50.66757 -30.81668
-50.66926 -30.81931
-50.6696 -30.81984
-50.67105 -30.82211
-50.67165 -30.82303
-50.6718 -30.82326
-50.67295 -30.82503
-50.67393 -30.82654
-50.67483 -30.82793
-50.6767 -30.83086
-50.6777 -30.83237
-50.6778 -30.83252
-50.67787 -30.83265
-50.67929 -30.83484
-50.67935 -30.83492
-50.67947 -30.8351
-50.67962 -30.83531
-50.67966 -30.83538
-50.67982 -30.83564
-50.68032 -30.83641
-50.68035 -30.83646
-50.68141 -30.83804
-50.68176 -30.83859
-50.68222 -30.8393
-50.68287 -30.8403
-50.68398 -30.84202
-50.68414 -30.84226
-50.68424 -30.84242
-50.6859 -30.84494
-50.6867 -30.84619
-50.6875 -30.84745
-50.68752 -30.84748
-50.68781 -30.84795
-50.68858 -30.84903
-50.68896 -30.84951
-50.68936 -30.84994
-50.68953 -30.85012
-50.69011 -30.85072
-50.69152 -30.85219
-50.69158 -30.85226
-50.69198 -30.85267
-50.69254 -30.85325
-50.69317 -30.8539
-50.69351 -30.85425
-50.69358 -30.85434
-50.69376 -30.85453
-50.69603 -30.85684
-50.69708 -30.85793
-50.6981 -30.85898
-50.69935 -30.86028
-50.69962 -30.86056
-50.70006 -30.86109
-50.70008 -30.86111
-50.70159 -30.86329
-50.70311 -30.8655
-50.70378 -30.86649
-50.70456 -30.86762
-50.70613 -30.86989
-50.70618 -30.86997
-50.70636 -30.87022
-50.70769 -30.87212
-50.70927 -30.87436
-50.71073 -30.87648
-50.71191 -30.87816
-50.71222 -30.87861
-50.71227 -30.87869
-50.71376 -30.88084
-50.71538 -30.88317
-50.717 -30.88548
-50.71763 -30.88638
-50.71793 -30.88677
-50.71857 -30.88768
-50.71878 -30.88797
-50.71914 -30.88851
-50.71986 -30.88953
-50.72018 -30.89002
-50.72092 -30.89104
-50.72172 -30.8922
-50.72284 -30.89383
-50.72325 -30.89438
-50.72335 -30.89453
-50.72384 -30.89523
-50.7243 -30.89589
-50.72466 -30.89645
-50.72491 -30.8968
-50.72521 -30.89721
-50.72552 -30.89761
-50.72588 -30.89802
-50.72631 -30.89848
-50.72678 -30.89895
-50.72694 -30.89911
-50.72791 -30.90009
-50.72866 -30.90082
-50.72874 -30.9009
-50.72903 -30.90119
-50.72924 -30.9014
-50.73116 -30.90333
-50.73163 -30.9038
-50.73334 -30.9055
-50.73571 -30.90785
-50.73798 -30.91008
-50.7402 -30.91228
-50.74269 -30.91474
-50.74381 -30.91586
-50.7442 -30.91625
-50.74471 -30.91676
-50.745 -30.91704
-50.74735 -30.91934
-50.74953 -30.92149
-50.75054 -30.92249
-50.75081 -30.92276
-50.75099 -30.92293
-50.75101 -30.92295
-50.75109 -30.92304
-50.75115 -30.9231
-50.75137 -30.92332
-50.75166 -30.92361
-50.75204 -30.92397
-50.75276 -30.92467
-50.7535 -30.92543
-50.75388 -30.92578
-50.75589 -30.92781
-50.75601 -30.92792
-50.75837 -30.93026
-50.75993 -30.93181
-50.76062 -30.9325
-50.76072 -30.9326
-50.76085 -30.93274
-50.7615 -30.93338
-50.76245 -30.93434
-50.76272 -30.9346
-50.76302 -30.9349
-50.76569 -30.93758
-50.76692 -30.9388
-50.772 -30.94385
-50.77203 -30.94389
-50.77417 -30.94598
-50.77659 -30.94839
-50.77852 -30.95029
-50.77897 -30.95073
-50.77915 -30.95091
-50.78015 -30.95189
-50.78132 -30.95305
-50.78255 -30.95425
-50.78355 -30.95524
-50.78379 -30.95548
-50.78483 -30.95652
-50.78581 -30.95748
-50.78738 -30.95905
-50.78742 -30.95909
-50.7878 -30.95947
-50.78809 -30.95975
-50.78859 -30.96026
-50.78922 -30.96088
-50.78968 -30.96129
-50.79037 -30.96195
-50.79154 -30.96304
-50.79197 -30.96343
-50.79237 -30.96379
-50.79253 -30.96393
-50.7926 -30.964
-50.79277 -30.96417
-50.79294 -30.96431
-50.79403 -30.96533
-50.79451 -30.9658
-50.79515 -30.96637
-50.7957 -30.96688
-50.7965 -30.96766
-50.79666 -30.96779
-50.79707 -30.96816
-50.79745 -30.9685
-50.79759 -30.96863
-50.79768 -30.96871
-50.79898 -30.96992
-50.80019 -30.97104
-50.8011 -30.97189
-50.80194 -30.97265
-50.80234 -30.97304
-50.80259 -30.97327
-50.80357 -30.97417
-50.80435 -30.97488
-50.80496 -30.97545
-50.80498 -30.97547
-50.80585 -30.97628
-50.80611 -30.97652
-50.80616 -30.97656
-50.80657 -30.97693
-50.80687 -30.97722
-50.80715 -30.97748
-50.80754 -30.97786
-50.80794 -30.9782
-50.80845 -30.97868
-50.80885 -30.97903
-50.80963 -30.97977
-50.81112 -30.98115
-50.81214 -30.9821
-50.81291 -30.98281
-50.81303 -30.98292
-50.81479 -30.98455
-50.81699 -30.98659
-50.81884 -30.98832
-50.81951 -30.98893
-50.81991 -30.98929
-50.82015 -30.9895
-50.82114 -30.99041
-50.82129 -30.99055
-50.82187 -30.99108
-50.82249 -30.99166
-50.82276 -30.99193
-50.82336 -30.99246
-50.82368 -30.99275
-50.82389 -30.99295
-50.824 -30.99306
-50.82436 -30.9934
-50.82513 -30.99414
-50.82614 -30.99504
-50.82647 -30.99535
-50.82716 -30.99599
-50.82757 -30.99636
-50.82766 -30.99644
-50.8285 -30.99721
-50.82925 -30.99792
-50.82977 -30.99839
-50.83079 -30.99934
-50.83121 -30.99973
-50.83168 -31.00016
-50.83214 -31.00061
-50.83227 -31.00073
-50.83246 -31.00091
-50.8327 -31.00112
-50.83278 -31.00118
-50.8328 -31.0012
-50.83289 -31.00128
-50.83366 -31.002
-50.83383 -31.00215
-50.83399 -31.00232
-50.83453 -31.0028
-50.83493 -31.00314
-50.83523 -31.00343
-50.83685 -31.00494
-50.83708 -31.00515
-50.83723 -31.00529
-50.83751 -31.00553
-50.83757 -31.00559
-50.83777 -31.00579
-50.838 -31.00601
-50.83829 -31.00626
-50.83849 -31.00645
-50.83877 -31.0067
-50.8389 -31.00682
-50.83895 -31.00687
-50.83916 -31.00708
-50.83939 -31.0073
-50.83956 -31.00747
-50.83983 -31.00774
-50.83993 -31.00784
-50.84014 -31.00807
-50.8405 -31.00844
-50.84074 -31.0087
-50.84099 -31.00897
-50.84122 -31.0092
-50.84161 -31.00963
-50.84198 -31.01001
-50.84212 -31.01015
-50.84248 -31.01055
-50.84279 -31.01087
-50.84297 -31.01106
-50.84324 -31.01135
-50.84357 -31.0117
-50.84444 -31.0126
-50.8451 -31.01332
-50.8454 -31.01364
-50.84555 -31.01378
-50.84605 -31.01428
-50.84643 -31.01468
-50.84664 -31.01492
-50.84724 -31.01556
-50.84773 -31.01605
-50.84794 -31.01628
-50.84795 -31.01629
-50.84925 -31.01766
-50.8503 -31.01879
-50.85065 -31.01917
-50.85141 -31.01997
-50.85204 -31.02063
-50.85241 -31.02102
-50.85328 -31.02194
-50.85366 -31.02234
-50.85427 -31.02299
-50.85522 -31.02399
-50.85672 -31.02559
-50.85773 -31.02665
-50.85881 -31.0278
-50.85896 -31.02795
-50.85911 -31.02811
-50.86004 -31.02909
-50.86102 -31.03013
-50.86122 -31.03036
-50.86159 -31.03074
-50.86245 -31.03164
-50.86334 -31.03259
-50.86424 -31.03356
-50.86485 -31.03419
-50.86491 -31.03426
-50.86548 -31.03486
-50.86596 -31.03537
-50.86664 -31.03609
-50.86666 -31.03611
-50.86707 -31.03655
-50.86726 -31.03677
-50.86738 -31.03691
-50.86768 -31.03731
-50.86776 -31.0374
-50.86822 -31.03803
-50.86862 -31.03857
-50.86865 -31.03862
-50.86933 -31.03953
-50.87059 -31.04126
-50.87098 -31.04182
-50.87123 -31.04218
-50.87184 -31.04305
-50.87189 -31.04312
-50.8724 -31.04383
-50.87283 -31.04446
-50.87292 -31.04459
-50.87296 -31.04465
-50.87299 -31.0447
-50.87433 -31.04658
-50.87537 -31.04806
-50.87555 -31.04832
-50.87564 -31.04844
-50.87591 -31.04882
-50.8775 -31.05109
-50.87797 -31.05176
-50.87843 -31.0524
-50.88061 -31.05552
-50.88083 -31.05583
-50.88193 -31.05739
-50.88219 -31.05778
-50.88283 -31.05868
-50.88304 -31.05895
-50.88319 -31.05915
-50.88527 -31.06172
-50.88589 -31.06247
-50.88663 -31.06334
-50.88701 -31.06377
-50.88779 -31.0646
-50.88951 -31.06633
-50.89011 -31.06693
-50.89022 -31.06704
-50.89055 -31.06736
-50.89235 -31.06916
-50.89305 -31.06985
-50.8937 -31.07049
-50.8945 -31.07129
-50.89466 -31.07144
-50.89635 -31.07311
-50.89678 -31.07355
-50.89703 -31.07379
-50.8994 -31.07612
-50.89943 -31.07615
-50.89967 -31.07638
-50.90056 -31.07729
-50.90175 -31.07845
-50.90202 -31.07872
-50.90406 -31.08074
-50.9041 -31.08078
-50.90542 -31.08209
-50.90586 -31.08252
-50.90633 -31.08299
-50.90693 -31.08358
-50.90783 -31.08447
-50.90871 -31.08534
-50.90981 -31.08645
-50.91086 -31.08757
-50.9122 -31.0891
-50.91307 -31.09018
-50.91492 -31.09249
-50.91501 -31.0926
-50.91517 -31.09282
-50.91555 -31.09328
-50.9157 -31.0935
-50.91673 -31.09496
-50.9168 -31.09505
-50.91715 -31.09554
-50.91739 -31.09587
-50.91751 -31.09603
-50.91772 -31.09634
-50.91774 -31.09637
-50.91815 -31.09696
-50.91836 -31.09727
-50.91861 -31.09761
-50.91889 -31.09801
-50.91904 -31.09821
-50.91919 -31.09843
-50.91944 -31.09878
-50.91966 -31.09909
-50.91983 -31.09934
-50.92019 -31.09985
-50.92025 -31.09993
-50.92063 -31.10046
-50.9207 -31.10056
-50.92107 -31.10112
-50.92146 -31.10168
-50.92187 -31.10226
-50.92194 -31.10236
-50.92244 -31.10306
-50.92269 -31.10341
-50.92291 -31.10371
-50.92301 -31.10386
-50.92311 -31.104
-50.92324 -31.10419
-50.92369 -31.10482
-50.92371 -31.10485
-50.92391 -31.10513
-50.92426 -31.10562
-50.92433 -31.10573
-50.92433 -31.10574
-50.92441 -31.10585
-50.92466 -31.10619
-50.92525 -31.10703
-50.92531 -31.10713
-50.92576 -31.10778
-50.92745 -31.11017
-50.92767 -31.11037
-50.92811 -31.11073
-50.92818 -31.1108
-50.92829 -31.11097
-50.92835 -31.11107
-50.92859 -31.11179
-50.92902 -31.11241
-50.92913 -31.11256
-50.92931 -31.11281
-50.93095 -31.11513
-50.93144 -31.11584
-50.93152 -31.11596
-50.93233 -31.11709
-50.93239 -31.11718
-50.93264 -31.11754
-50.93287 -31.11786
-50.93308 -31.11816
-50.93324 -31.11839
-50.93336 -31.11855
-50.93355 -31.11883
-50.93369 -31.11903
-50.93387 -31.11928
-50.93405 -31.11954
-50.93426 -31.11984
-50.93444 -31.12009
-50.93452 -31.12023
-50.93457 -31.12032
-50.93469 -31.12052
-50.93474 -31.12066
-50.93484 -31.12087
-50.93491 -31.12105
-50.93498 -31.12127
-50.93503 -31.12142
-50.93506 -31.12154
-50.93509 -31.12165
-50.93513 -31.12185
-50.93517 -31.12214
-50.93519 -31.12232
-50.9352 -31.1226
-50.9352 -31.12289
-50.93519 -31.12303
-50.93518 -31.12312
-50.93517 -31.12322
-50.93517 -31.12323
-50.93516 -31.12332
-50.93514 -31.12347
-50.93512 -31.12357
-50.9351 -31.12371
-50.93509 -31.12373
-50.93451 -31.12736
-50.93389 -31.13131
-50.93381 -31.13176
-50.93363 -31.13293
-50.93358 -31.13322
-50.93355 -31.13342
-50.93352 -31.13362
-50.93349 -31.13383
-50.93325 -31.13527
-50.93309 -31.13626
-50.93291 -31.13738
-50.93272 -31.13863
-50.93269 -31.13876
-50.93237 -31.14082
-50.93234 -31.14101
-50.93231 -31.14118
-50.9323 -31.14131
-50.93229 -31.14146
-50.93229 -31.1416
-50.93229 -31.14174
-50.93229 -31.14176
-50.93229 -31.1419
-50.9323 -31.14206
-50.93232 -31.14223
-50.93235 -31.14239
-50.93248 -31.14303
-50.93252 -31.14316
-50.93254 -31.14321
-50.93255 -31.14323
-50.9326 -31.14336
-50.93267 -31.14353
-50.93298 -31.14412
-50.93342 -31.14489
-50.93348 -31.14498
-50.93385 -31.14558
-50.93549 -31.14835
-50.93559 -31.14851
-50.93658 -31.15017
-50.93687 -31.15069
-50.93952 -31.15508
-50.93983 -31.15561
-50.94169 -31.15875
-50.942 -31.15925
-50.94216 -31.15952
-50.94247 -31.15994
-50.94307 -31.16068
-50.94346 -31.16107
-50.94373 -31.16134
-50.94424 -31.16183
-50.94475 -31.16233
-50.9453 -31.16286
-50.94643 -31.16393
-50.94701 -31.16449
-50.9475 -31.16497
-50.94784 -31.16529
-50.94812 -31.16555
-50.94841 -31.16583
-50.94873 -31.16614
-50.94923 -31.16664
-50.94958 -31.16702
-50.94996 -31.16747
-50.95065 -31.16833
-50.9516 -31.16947
-50.9517 -31.16959
-50.95274 -31.17085
-50.95344 -31.17171
-50.95389 -31.17226
-50.95506 -31.17367
-50.95584 -31.17462
-50.95645 -31.17536
-50.9566 -31.17553
-50.9578 -31.17725
-50.95833 -31.17798
-50.95886 -31.17873
-50.95944 -31.17955
-50.9609 -31.18161
-50.96123 -31.18205
-50.96159 -31.18249
-50.96192 -31.18284
-50.9623 -31.18324
-50.96315 -31.18408
-50.96334 -31.18427
-50.96339 -31.18433
-50.96353 -31.18446
-50.96495 -31.18587
-50.9655 -31.18641
-50.96564 -31.18654
-50.96866 -31.18952
-50.97053 -31.19135
-50.97199 -31.1928
-50.9724 -31.19321
-50.97618 -31.19692
-50.97682 -31.19755
-50.9773 -31.19802
-50.9774 -31.19812
-50.97775 -31.19845
-50.97863 -31.19933
-50.97947 -31.20016
-50.97958 -31.20026
-50.98026 -31.20093
-50.9818 -31.20244
-50.98288 -31.2035
-50.9852 -31.20579
-50.9854 -31.20598
-50.9855 -31.20607
-50.98561 -31.20618
-50.98617 -31.20672
-50.9874 -31.20793
-50.98771 -31.20824
-50.98939 -31.2099
-50.9902 -31.2107
-50.9911 -31.21157
-50.9942 -31.21463
-50.99444 -31.21486
-50.99606 -31.21646
-50.99682 -31.21721
-51.0001 -31.22043
-51.00017 -31.2205
-51.00024 -31.22056
-51.00051 -31.22083
-51.00081 -31.22113
-51.00152 -31.22181
-51.00205 -31.22232
-51.0025 -31.22276
-51.00269 -31.22294
-51.00362 -31.22383
-51.00363 -31.22384
-51.00419 -31.22438
-51.00503 -31.22519
-51.00611 -31.22623
-51.00745 -31.22751
-51.00759 -31.22765
-51.00899 -31.22899
-51.01221 -31.2321
-51.01321 -31.23305
-51.0138 -31.23361
-51.01426 -31.23402
-51.01484 -31.23454
-51.01541 -31.23507
-51.01566 -31.23529
-51.01652 -31.23606
-51.01754 -31.23696
-51.01836 -31.23768
-51.01886 -31.23816
-51.0191 -31.23835
-51.02035 -31.2395
-51.02094 -31.24002
-51.02154 -31.24058
-51.02206 -31.24107
-51.02217 -31.24116
-51.0223 -31.24127
-51.02284 -31.24181
-51.02305 -31.24204
-51.0235 -31.24257
-51.0237 -31.24284
-51.02416 -31.24348
-51.02455 -31.24411
-51.02488 -31.24464
-51.02502 -31.24488
-51.0251 -31.245
-51.0255 -31.24566
-51.02576 -31.24607
-51.0258 -31.24614
-51.02611 -31.24665
-51.02639 -31.24707
-51.02659 -31.24737
-51.02672 -31.24753
-51.0268 -31.24762
-51.027 -31.24782
-51.02724 -31.24806
-51.02751 -31.24831
-51.02795 -31.24863
-51.02821 -31.24882
-51.02834 -31.24891
-51.0284 -31.24894
-51.02863 -31.24909
-51.02899 -31.24934
-51.02963 -31.24976
-51.02967 -31.24979
-51.03003 -31.25002
-51.03007 -31.25005
-51.03051 -31.25034
-51.03058 -31.25039
-51.0317 -31.25115
-51.03237 -31.25158
-51.03242 -31.25162
-51.03382 -31.25259
-51.03395 -31.25268
-51.03403 -31.25276
-51.03419 -31.2529
-51.03429 -31.25299
-51.03437 -31.25306
-51.03479 -31.2535
-51.03498 -31.25369
-51.03539 -31.25409
-51.03543 -31.25414
-51.03547 -31.25419
-51.03611 -31.25483
-51.03722 -31.25595
-51.03737 -31.25611
-51.0375 -31.25625
-51.03961 -31.25848
-51.04016 -31.25906
-51.04021 -31.25912
-51.04136 -31.2605
-51.04165 -31.26086
-51.04253 -31.26196
-51.04331 -31.26295
-51.04517 -31.2653
-51.04529 -31.26545
-51.04546 -31.26569
-51.04616 -31.26669
-51.04661 -31.26732
-51.04709 -31.26799
-51.0475 -31.26856
-51.04789 -31.2691
-51.04833 -31.26971
-51.04846 -31.2699
-51.04869 -31.27017
-51.04897 -31.27048
-51.04924 -31.27074
-51.04943 -31.27091
-51.04993 -31.2713
-51.05049 -31.27165
-51.05198 -31.27253
-51.05227 -31.2727
-51.05542 -31.27456
-51.05867 -31.27647
-51.05967 -31.27706
-51.06007 -31.27729
-51.06018 -31.27736
-51.06029 -31.27743
-51.0604 -31.27749
-51.06051 -31.27756
-51.06104 -31.27794
-51.06153 -31.27836
-51.06197 -31.27881
-51.06236 -31.27929
-51.06271 -31.2798
-51.06301 -31.2802
-51.06437 -31.28198
-51.06483 -31.28257
-51.06596 -31.28404
-51.06778 -31.28643
-51.0681 -31.28685
-51.06838 -31.28724
-51.06867 -31.28761
-51.06912 -31.28812
-51.06933 -31.28834
-51.06985 -31.28881
-51.07034 -31.28921
-51.07069 -31.28945
-51.07094 -31.28962
-51.07122 -31.28979
-51.07151 -31.28995
-51.07213 -31.29029
-51.07232 -31.2904
-51.07329 -31.29095
-51.07347 -31.29105
-51.0747 -31.29175
-51.07599 -31.29247
-51.07665 -31.29281
-51.0767 -31.29282
-51.07675 -31.29283
-51.07679 -31.29285
-51.07684 -31.29287
-51.07698 -31.29292
-51.07712 -31.29297
-51.07726 -31.29301
-51.07737 -31.29304
-51.07747 -31.29307
-51.07758 -31.29311
-51.07765 -31.29313
-51.07772 -31.29315
-51.07778 -31.29318
-51.07784 -31.29321
-51.0779 -31.29324
-51.07795 -31.29329
-51.078 -31.29333
-51.07804 -31.29337
-51.07816 -31.29346
-51.07826 -31.29355
-51.07835 -31.29364
-51.07844 -31.29373
-51.07853 -31.2938
-51.07867 -31.2939
-51.07871 -31.29392
-51.07874 -31.29395
-51.07994 -31.2946
-51.08019 -31.29475
-51.08089 -31.29514
-51.08094 -31.29517
-51.08102 -31.29521
-51.0813 -31.29535
-51.08184 -31.29565
-51.08522 -31.2975
-51.08756 -31.29878
-51.08792 -31.29896
-51.08829 -31.29913
-51.08867 -31.29928
-51.08914 -31.29945
-51.08974 -31.29962
-51.09041 -31.29977
-51.09063 -31.29982
-51.09087 -31.29986
-51.09196 -31.30002
-51.09217 -31.30006
-51.09529 -31.3005
-51.09539 -31.30051
-51.09548 -31.30052
-51.09558 -31.30054
-51.09587 -31.30055
-51.096 -31.30056
-51.09617 -31.30057
-51.09633 -31.30058
-51.09648 -31.30059
-51.09656 -31.3006
-51.09695 -31.30068
-51.09717 -31.30074
-51.09736 -31.3008
-51.09753 -31.30088
-51.09764 -31.30093
-51.09776 -31.30101
-51.09783 -31.30104
-51.0979 -31.30109
-51.09801 -31.30119
-51.0981 -31.30127
-51.09812 -31.30129
-51.09832 -31.30146
-51.09848 -31.3016
-51.09864 -31.30175
-51.09868 -31.30179
-51.09874 -31.30185
-51.09879 -31.30191
-51.0988 -31.30194
-51.09895 -31.30206
-51.10051 -31.30339
-51.10095 -31.30377
-51.10176 -31.30446
-51.10213 -31.30479
-51.10326 -31.30577
-51.10423 -31.30662
-51.10466 -31.30699
-51.10578 -31.30796
-51.10638 -31.30847
-51.10696 -31.30897
-51.10837 -31.3102
-51.10878 -31.31053
-51.10914 -31.3108
-51.10984 -31.31129
-51.10992 -31.31134
-51.11046 -31.31169
-51.1106 -31.31178
-51.11135 -31.31222
-51.1114 -31.31225
-51.1125 -31.3128
-51.11361 -31.31328
-51.11473 -31.31374
-51.11559 -31.31409
-51.11676 -31.31458
-51.1171 -31.31472
-51.11741 -31.31484
-51.11759 -31.3149
-51.11814 -31.31512
-51.1183 -31.31519
-51.11867 -31.31538
-51.11902 -31.31561
-51.11932 -31.31586
-51.11961 -31.31613
-51.11981 -31.31635
-51.11989 -31.31642
-51.12014 -31.31673
-51.12015 -31.31673
-51.12057 -31.31728
-51.12065 -31.31738
-51.12107 -31.31791
-51.12135 -31.31827
-51.12172 -31.31874
-51.12243 -31.31966
-51.12278 -31.32008
-51.12298 -31.32035
-51.12323 -31.32073
-51.12338 -31.32094
-51.1236 -31.32129
-51.12384 -31.32171
-51.12399 -31.32196
-51.12416 -31.32229
-51.1243 -31.32257
-51.12464 -31.32333
-51.12481 -31.32373
-51.12492 -31.32411
-51.12495 -31.32419
-51.12508 -31.32457
-51.12518 -31.32487
-51.12526 -31.3251
-51.12546 -31.32565
-51.12569 -31.32626
-51.12603 -31.32703
-51.12647 -31.32794
-51.12659 -31.32823
-51.12673 -31.32855
-51.12677 -31.32869
-51.12683 -31.32888
-51.1269 -31.32907
-51.12708 -31.32974
-51.1271 -31.3298
-51.12729 -31.3307
-51.12736 -31.33099
-51.12745 -31.33135
-51.12754 -31.33172
-51.12765 -31.33223
-51.12769 -31.33238
-51.12779 -31.33283
-51.12788 -31.33317
-51.12795 -31.33364
-51.128 -31.33395
-51.12805 -31.33454
-51.12807 -31.33474
-51.1281 -31.33521
-51.12813 -31.33561
-51.12819 -31.33651
-51.12823 -31.33698
-51.12824 -31.33704
-51.12831 -31.33766
-51.12842 -31.33902
-51.12849 -31.34009
-51.12852 -31.34038
-51.12856 -31.34083
-51.12859 -31.34132
-51.12864 -31.34171
-51.12866 -31.34196
-51.12875 -31.3425
-51.12886 -31.34301
-51.12894 -31.3433
-51.12895 -31.34334
-51.12899 -31.34348
-51.12906 -31.34373
-51.12929 -31.34443
-51.1296 -31.34517
-51.12999 -31.34601
-51.13033 -31.34674
-51.13061 -31.34737
-51.13142 -31.34915
-51.13155 -31.34943
-51.13232 -31.35109
-51.13273 -31.35192
-51.1329 -31.35225
-51.13304 -31.35253
-51.13344 -31.35327
-51.13379 -31.3539
-51.13441 -31.35492
-51.13473 -31.35547
-51.13473 -31.35548
-51.1352 -31.35623
-51.13532 -31.35643
-51.13569 -31.35701
-51.13655 -31.35844
-51.13683 -31.3589
-51.13715 -31.35941
-51.13722 -31.35953
-51.1377 -31.36033
-51.13801 -31.36081
-51.13857 -31.36174
-51.13896 -31.36242
-51.13935 -31.36302
-51.13958 -31.3634
-51.13989 -31.3639
-51.14031 -31.36463
-51.14073 -31.36529
-51.1412 -31.36606
-51.14158 -31.36669
-51.14212 -31.36756
-51.14236 -31.36798
-51.14256 -31.36829
-51.14288 -31.36883
-51.14298 -31.36902
-51.14322 -31.3695
-51.14338 -31.36985
-51.14349 -31.37013
-51.14356 -31.37031
-51.14365 -31.37055
-51.1437 -31.3707
-51.14386 -31.37124
-51.14409 -31.37209
-51.14435 -31.373
-51.14472 -31.37431
-51.14484 -31.37475
-51.14526 -31.37633
-51.14536 -31.37668
-51.14542 -31.37692
-51.14602 -31.37902
-51.14605 -31.37911
-51.14648 -31.38066
-51.14651 -31.38077
-51.14678 -31.38173
-51.14683 -31.38191
-51.14686 -31.38199
-51.14721 -31.3832
-51.14739 -31.38379
-51.14752 -31.38411
-51.14774 -31.3845
-51.14791 -31.38473
-51.14817 -31.38505
-51.14853 -31.38537
-51.14907 -31.38574
-51.14956 -31.38602
-51.14984 -31.38619
-51.15046 -31.38654
-51.15073 -31.3867
-51.15116 -31.38695
-51.15205 -31.38754
-51.15263 -31.38795
-51.1528 -31.38807
-51.15318 -31.38835
-51.15364 -31.38865
-51.15406 -31.38895
-51.15467 -31.38948
-51.15509 -31.38982
-51.1554 -31.39006
-51.15608 -31.39062
-51.15716 -31.39153
-51.1595 -31.39347
-51.15974 -31.39369
-51.15997 -31.3939
-51.16017 -31.39408
-51.16034 -31.39425
-51.16046 -31.39439
-51.16077 -31.3948
-51.16092 -31.39504
-51.16134 -31.39584
-51.16177 -31.39666
-51.16289 -31.3989
-51.16362 -31.40034
-51.16372 -31.40056
-51.16414 -31.4014
-51.16433 -31.40179
-51.16471 -31.40253
-51.16518 -31.40347
-51.1652 -31.40351
-51.16532 -31.40373
-51.16568 -31.40443
-51.1659 -31.40488
-51.16607 -31.40524
-51.16637 -31.40586
-51.16689 -31.40687
-51.16758 -31.40821
-51.16796 -31.40899
-51.16834 -31.40973
-51.16882 -31.41055
-51.16918 -31.41103
-51.16971 -31.41169
-51.17012 -31.41208
-51.1714 -31.41336
-51.17256 -31.41446
-51.17382 -31.41572
-51.17503 -31.41689
-51.17672 -31.4186
-51.17829 -31.42014
-51.18063 -31.42241
-51.18212 -31.42389
-51.18304 -31.42477
-51.18338 -31.42511
-51.1844 -31.42611
-51.18602 -31.42768
-51.18641 -31.42806
-51.18741 -31.42905
-51.18869 -31.43033
-51.19003 -31.43165
-51.19088 -31.43247
-51.19096 -31.43256
-51.19162 -31.4332
-51.1927 -31.43427
-51.19475 -31.43623
-51.19502 -31.43651
-51.19721 -31.43868
-51.19957 -31.441
-51.20133 -31.44268
-51.20196 -31.44322
-51.20307 -31.44406
-51.20361 -31.4444
-51.20404 -31.44469
-51.20408 -31.44472
-51.2074 -31.44704
-51.20825 -31.44762
-51.21048 -31.44916
-51.21088 -31.44945
-51.21245 -31.45052
-51.21276 -31.45073
-51.21352 -31.45125
-51.21426 -31.45175
-51.21513 -31.45236
-51.21621 -31.45309
-51.21758 -31.45405
-51.21846 -31.45466
-51.22011 -31.45581
-51.22088 -31.45636
-51.22296 -31.45778
-51.22494 -31.45917
-51.22733 -31.46081
-51.22883 -31.46184
-51.23055 -31.46303
-51.23131 -31.46356
-51.23142 -31.46363
-51.2315 -31.46369
-51.23178 -31.4639
-51.23216 -31.4642
-51.23236 -31.46439
-51.23257 -31.46461
-51.23275 -31.46487
-51.23289 -31.46512
-51.23292 -31.46516
-51.23294 -31.46521
-51.23297 -31.46527
-51.23298 -31.46529
-51.23302 -31.46541
-51.2331 -31.46572
-51.23316 -31.46605
-51.23321 -31.46645
-51.23333 -31.46757
-51.23347 -31.46862
-51.2336 -31.46973
-51.23369 -31.47044
-51.23372 -31.47071
-51.23377 -31.471
-51.23385 -31.47131
-51.23395 -31.47154
-51.23404 -31.47172
-51.23415 -31.47192
-51.23427 -31.4721
-51.23442 -31.47232
-51.23476 -31.47271
-51.23502 -31.47296
-51.23542 -31.47334
-51.23582 -31.47373
-51.23613 -31.47402
-51.23675 -31.47463
-51.23754 -31.4754
-51.23818 -31.47599
-51.23842 -31.47621
-51.23896 -31.47675
-51.23926 -31.47701
-51.23951 -31.47723
-51.23984 -31.47748
-51.24013 -31.47771
-51.24046 -31.47795
-51.24087 -31.47821
-51.24129 -31.47845
-51.24153 -31.47858
-51.24159 -31.47861
-51.24192 -31.47878
-51.24239 -31.47899
-51.24361 -31.47945
-51.24519 -31.48002
-51.24658 -31.48051
-51.24809 -31.48105
-51.24845 -31.48117
-51.24908 -31.48141
-51.24936 -31.48154
-51.24964 -31.48169
-51.24998 -31.4819
-51.2504 -31.48222
-51.25096 -31.48272
-51.25209 -31.48379
-51.25335 -31.48497
-51.25429 -31.48585
-51.25488 -31.48642
-51.25547 -31.48697
-51.25586 -31.48733
-51.25602 -31.48749
-51.25614 -31.48762
-51.25626 -31.48775
-51.25634 -31.48785
-51.25647 -31.48803
-51.25659 -31.48822
-51.25667 -31.48834
-51.25675 -31.48849
-51.25678 -31.48857
-51.25683 -31.48867
-51.2569 -31.48886
-51.25699 -31.48914
-51.25717 -31.48971
-51.25743 -31.49038
-51.25768 -31.49114
-51.25799 -31.4921
-51.25822 -31.49268
-51.25847 -31.49349
-51.25859 -31.49395
-51.25882 -31.49503
-51.25889 -31.49543
-51.25896 -31.49594
-51.25903 -31.4967
-51.25904 -31.49685
-51.25909 -31.49724
-51.25915 -31.49774
-51.25919 -31.49823
-51.25923 -31.49851
-51.25928 -31.49877
-51.25932 -31.49895
-51.25938 -31.49916
-51.25946 -31.49941
-51.25954 -31.49964
-51.25962 -31.49987
-51.25973 -31.50015
-51.25985 -31.50042
-51.25995 -31.50062
-51.26022 -31.5012
-51.26054 -31.50191
-51.26085 -31.50261
-51.26115 -31.50323
-51.26185 -31.50466
-51.26199 -31.505
-51.26233 -31.50574
-51.2628 -31.50677
-51.26314 -31.50752
-51.26334 -31.50794
-51.26351 -31.50829
-51.26378 -31.50873
-51.26394 -31.50899
-51.26418 -31.50934
-51.26444 -31.50967
-51.26489 -31.51018
-51.26531 -31.51062
-51.26555 -31.51084
-51.26577 -31.51104
-51.26654 -31.5116
-51.26709 -31.51194
-51.26772 -31.51231
-51.26824 -31.51262
-51.26869 -31.51291
-51.26916 -31.51322
-51.26967 -31.51356
-51.27014 -31.51393
-51.27056 -31.51426
-51.27115 -31.51478
-51.2713 -31.51492
-51.27154 -31.51518
-51.27196 -31.51567
-51.27235 -31.51609
-51.27285 -31.51662
-51.27332 -31.51708
-51.27358 -31.5173
-51.2738 -31.51747
-51.27412 -31.5177
-51.27433 -31.51784
-51.27453 -31.51796
-51.27495 -31.51821
-51.27531 -31.51841
-51.27566 -31.5186
-51.27615 -31.51886
-51.27637 -31.51899
-51.2766 -31.51912
-51.27726 -31.51948
-51.27848 -31.52013
-51.27941 -31.52067
-51.28088 -31.52148
-51.28171 -31.52194
-51.28266 -31.52247
-51.28415 -31.52329
-51.28459 -31.52353
-51.28541 -31.52398
-51.28667 -31.52467
-51.28852 -31.52572
-51.28988 -31.52649
-51.29115 -31.52717
-51.29186 -31.52755
-51.29294 -31.52817
-51.294 -31.52877
-51.29455 -31.52904
-51.29537 -31.52948
-51.29569 -31.52967
-51.29612 -31.52988
-51.2966 -31.53011
-51.29713 -31.53037
-51.29777 -31.53063
-51.29804 -31.53074
-51.29985 -31.53153
-51.30068 -31.53188
-51.30147 -31.53221
-51.3022 -31.53252
-51.30277 -31.53274
-51.30429 -31.5334
-51.30471 -31.53358
-51.30505 -31.53372
-51.30557 -31.53396
-51.30587 -31.53409
-51.3061 -31.5342
-51.30654 -31.53446
-51.30681 -31.53464
-51.30708 -31.53484
-51.30798 -31.53549
-51.30912 -31.53639
-51.31109 -31.53793
-51.31128 -31.53807
-51.31182 -31.5385
-51.31238 -31.53892
-51.31294 -31.53931
-51.31328 -31.53953
-51.31352 -31.53969
-51.31465 -31.54028
-51.31544 -31.54065
-51.31636 -31.54113
-51.31757 -31.54172
-51.31916 -31.54253
-51.31935 -31.54262
-51.31988 -31.54285
-51.32013 -31.54295
-51.32043 -31.54306
-51.32075 -31.54315
-51.32131 -31.54331
-51.32156 -31.54337
-51.32264 -31.54354
-51.32305 -31.54356
-51.32355 -31.54353
-51.32371 -31.54352
-51.32427 -31.54349
-51.32532 -31.54346
-51.32722 -31.54338
-51.32808 -31.54335
-51.32886 -31.54331
-51.32945 -31.5433
-51.32984 -31.54329
-51.33071 -31.54331
-51.33154 -31.54335
-51.33221 -31.5434
-51.33278 -31.54345
-51.33345 -31.54355
-51.33462 -31.54371
-51.33562 -31.54385
-51.33598 -31.5439
-51.33626 -31.54397
-51.33656 -31.54404
-51.33688 -31.54415
-51.33729 -31.5443
-51.33777 -31.54452
-51.33832 -31.54484
-51.33887 -31.54521
-51.33904 -31.54532
-51.33955 -31.54567
-51.34066 -31.54643
-51.34112 -31.54674
-51.3417 -31.54714
-51.34195 -31.54731
-51.3422 -31.54749
-51.34252 -31.54776
-51.34256 -31.54779
-51.34266 -31.54788
-51.34286 -31.54809
-51.343 -31.54828
-51.34313 -31.5485
-51.34329 -31.54877
-51.34346 -31.54915
-51.34381 -31.54989
-51.34406 -31.55049
-51.34434 -31.55112
-51.34475 -31.55196
-51.34508 -31.55259
-51.34568 -31.55358
-51.34621 -31.55429
-51.34665 -31.55485
-51.34939 -31.55811
-51.34941 -31.55813
-51.3518 -31.56093
-51.35201 -31.56118
-51.35261 -31.56191
-51.35265 -31.56196
-51.35362 -31.56312
-51.35376 -31.56329
-51.35582 -31.56576
-51.35634 -31.56638
-51.35687 -31.56698
-51.357 -31.56713
-51.35784 -31.56807
-51.35966 -31.57002
-51.36061 -31.57108
-51.36242 -31.57301
-51.36284 -31.57347
-51.36491 -31.57573
-51.36587 -31.57675
-51.36623 -31.57713
-51.36645 -31.57738
-51.36666 -31.57763
-51.36684 -31.5779
-51.3669 -31.57799
-51.36737 -31.57872
-51.36776 -31.57949
-51.36782 -31.57966
-51.36806 -31.58028
-51.36811 -31.58046
-51.36814 -31.58056
-51.36816 -31.58065
-51.3682 -31.58083
-51.3683 -31.58141
-51.36836 -31.58199
-51.36837 -31.58258
-51.36834 -31.58327
-51.36827 -31.58408
-51.3682 -31.58483
-51.36807 -31.58602
-51.36805 -31.58639
-51.36806 -31.58676
-51.36809 -31.58714
-51.36811 -31.58741
-51.36814 -31.58767
-51.36814 -31.58769
-51.36819 -31.58796
-51.3683 -31.58847
-51.36844 -31.58896
-51.36862 -31.58944
-51.36888 -31.59007
-51.36917 -31.59058
-51.36921 -31.59066
-51.36959 -31.59123
-51.37003 -31.59177
-51.37027 -31.59205
-51.37052 -31.59233
-51.37078 -31.5926
-51.37103 -31.59282
-51.37215 -31.59382
-51.3723 -31.59395
-51.37456 -31.59596
-51.37711 -31.59818
-51.37984 -31.60054
-51.38068 -31.60127
-51.38243 -31.60281
-51.38257 -31.60292
-51.38311 -31.60339
-51.38503 -31.60507
-51.38605 -31.60596
-51.3869 -31.60669
-51.38704 -31.60682
-51.38713 -31.6069
-51.38763 -31.6073
-51.38816 -31.60766
-51.38849 -31.60785
-51.38873 -31.60798
-51.38902 -31.60811
-51.38933 -31.60824
-51.38994 -31.6085
-51.39063 -31.60879
-51.3916 -31.6092
-51.39303 -31.60979
-51.39378 -31.6101
-51.39464 -31.61047
-51.39489 -31.61059
-51.39515 -31.61072
-51.39576 -31.61106
-51.39625 -31.61138
-51.39694 -31.61192
-51.39753 -31.61246
-51.3979 -31.61287
-51.39839 -31.61344
-51.39846 -31.61353
-51.39898 -31.61415
-51.39953 -31.61478
-51.39994 -31.61526
-51.40063 -31.61606
-51.4007 -31.61614
-51.40075 -31.6162
-51.40098 -31.61647
-51.40219 -31.61784
-51.40255 -31.61823
-51.40286 -31.61852
-51.40325 -31.61893
-51.40379 -31.61938
-51.40382 -31.6194
-51.40445 -31.61992
-51.40445 -31.61993
-51.40544 -31.62066
-51.40576 -31.6209
-51.40594 -31.62104
-51.40675 -31.62165
-51.40717 -31.62197
-51.40782 -31.62245
-51.40784 -31.62247
-51.40819 -31.62273
-51.4089 -31.62325
-51.40967 -31.62383
-51.40999 -31.62406
-51.41012 -31.62416
-51.41049 -31.62444
-51.41099 -31.62481
-51.41126 -31.625
-51.41137 -31.62508
-51.41172 -31.62535
-51.41209 -31.62563
-51.4122 -31.62572
-51.4123 -31.62579
-51.41249 -31.62593
-51.41261 -31.62601
-51.41274 -31.6261
-51.41292 -31.6262
-51.41301 -31.62625
-51.41313 -31.62631
-51.41321 -31.62634
-51.41344 -31.62643
-51.41371 -31.62654
-51.41382 -31.62658
-51.41391 -31.62662
-51.414 -31.62666
-51.41403 -31.62667
-51.41419 -31.62673
-51.41432 -31.62678
-51.41444 -31.62683
-51.41457 -31.6269
-51.41466 -31.62694
-51.4148 -31.62702
-51.41482 -31.62703
-51.41552 -31.62742
-51.41553 -31.62743
-51.4165 -31.62805
-51.41699 -31.62835
-51.41708 -31.62837
-51.4172 -31.62839
-51.41761 -31.6287
-51.41803 -31.62898
-51.41804 -31.62898
-51.41816 -31.62906
-51.4183 -31.62916
-51.4184 -31.62924
-51.41848 -31.6293
-51.41858 -31.62938
-51.41871 -31.62948
-51.41891 -31.62965
-51.41901 -31.62974
-51.41919 -31.6299
-51.41952 -31.63018
-51.41994 -31.63051
-51.42018 -31.63072
-51.4209 -31.63133
-51.4211 -31.63149
-51.42115 -31.63154
-51.42127 -31.63164
-51.42135 -31.63171
-51.42147 -31.63181
-51.42178 -31.63207
-51.42196 -31.63221
-51.42218 -31.63238
-51.42226 -31.63244
-51.42239 -31.63255
-51.42262 -31.63274
-51.42273 -31.63284
-51.42278 -31.63292
-51.4228 -31.63295
-51.42292 -31.63305
-51.42347 -31.63349
-51.42367 -31.63363
-51.42383 -31.63373
-51.42394 -31.6338
-51.42395 -31.63381
-51.42404 -31.63385
-51.42408 -31.63388
-51.42423 -31.63395
-51.42443 -31.63404
-51.42468 -31.63413
-51.42528 -31.63435
-51.42587 -31.63456
-51.42649 -31.63479
-51.4268 -31.63492
-51.42693 -31.63498
-51.42703 -31.63502
-51.42715 -31.63509
-51.4273 -31.63518
-51.42747 -31.63529
-51.42755 -31.63535
-51.42762 -31.63541
-51.42772 -31.63549
-51.42779 -31.63555
-51.42785 -31.63561
-51.4279 -31.63566
-51.42794 -31.63571
-51.428 -31.63577
-51.42805 -31.63583
-51.42836 -31.63621
-51.42881 -31.63674
-51.42906 -31.63704
-51.42923 -31.63725
-51.43013 -31.6383
-51.43163 -31.63999
-51.43339 -31.64183
-51.43395 -31.64243
-51.43619 -31.64488
-51.43716 -31.64595
-51.43728 -31.64613
-51.4383 -31.64757
-51.43913 -31.64949
-51.4393 -31.64992
-51.43957 -31.65058
-51.43967 -31.65083
-51.43983 -31.65121
-51.43994 -31.65146
-51.44015 -31.65197
-51.44017 -31.652
-51.44059 -31.653
-51.44087 -31.6536
-51.44104 -31.65387
-51.4412 -31.65408
-51.44121 -31.65409
-51.44146 -31.65437
-51.44201 -31.65482
-51.44295 -31.65536
-51.44347 -31.65564
-51.44369 -31.65575
-51.44398 -31.6559
-51.44422 -31.65605
-51.44439 -31.65615
-51.44462 -31.65627
-51.44463 -31.65628
-51.44471 -31.65631
-51.44493 -31.65642
-51.4453 -31.65662
-51.44564 -31.65678
-51.44673 -31.65736
-51.44731 -31.65767
-51.4482 -31.65814
-51.45085 -31.65954
-51.45225 -31.66029
-51.45289 -31.6606
-51.45327 -31.66076
-51.45356 -31.66086
-51.45388 -31.66097
-51.45389 -31.66097
-51.45412 -31.66103
-51.45434 -31.66107
-51.45467 -31.66113
-51.45541 -31.66124
-51.45616 -31.66135
-51.45655 -31.6614
-51.45815 -31.66162
-51.45889 -31.66173
-51.45939 -31.66182
-51.45952 -31.66185
-51.45994 -31.66194
-51.46012 -31.66198
-51.46029 -31.66202
-51.46117 -31.66223
-51.46237 -31.66253
-51.463 -31.66272
-51.46456 -31.6631
-51.46506 -31.66323
-51.46543 -31.66333
-51.46549 -31.66334
-51.46564 -31.66338
-51.46975 -31.66445
-51.47095 -31.66477
-51.4711 -31.66481
-51.47262 -31.66522
-51.47264 -31.66522
-51.47336 -31.6655
-51.4736 -31.6656
-51.47382 -31.6657
-51.47431 -31.66594
-51.47515 -31.66646
-51.47722 -31.6679
-51.47849 -31.66876
-51.4799 -31.66971
-51.48074 -31.67028
-51.48103 -31.67049
-51.48106 -31.67052
-51.48123 -31.67067
-51.48136 -31.67078
-51.4816 -31.67101
-51.4818 -31.67124
-51.48202 -31.67152
-51.48245 -31.67226
-51.48276 -31.6728
-51.4829 -31.67292
-51.48301 -31.6731
-51.48335 -31.67368
-51.48369 -31.67426
-51.4839 -31.67457
-51.48402 -31.67472
-51.48421 -31.67492
-51.48447 -31.67518
-51.48454 -31.67525
-51.48461 -31.67531
-51.48595 -31.67635
-51.48654 -31.67679
-51.48724 -31.6773
-51.48757 -31.67755
-51.48789 -31.6778
-51.48881 -31.6785
-51.48893 -31.67859
-51.48956 -31.67908
-51.48969 -31.67916
-51.49019 -31.67955
-51.49121 -31.68028
-51.49192 -31.68072
-51.492 -31.68077
-51.49258 -31.6811
-51.49303 -31.68132
-51.49338 -31.6815
-51.49361 -31.68161
-51.49409 -31.68184
-51.49436 -31.68198
-51.49513 -31.68236
-51.49552 -31.68257
-51.49563 -31.68265
-51.49602 -31.6829
-51.49645 -31.6832
-51.49675 -31.68344
-51.49695 -31.68363
-51.49705 -31.68372
-51.49724 -31.68392
-51.49761 -31.6843
-51.49793 -31.68464
-51.49859 -31.68535
-51.49968 -31.68647
-51.49983 -31.68663
-51.50053 -31.68739
-51.50116 -31.68807
-51.50126 -31.68817
-51.50304 -31.69008
-51.5033 -31.69035
-51.5034 -31.69045
-51.50391 -31.69093
-51.50407 -31.69108
-51.50433 -31.69129
-51.50506 -31.69181
-51.50546 -31.69206
-51.50595 -31.69236
-51.50676 -31.69276
-51.50718 -31.69292
-51.50762 -31.69311
-51.50891 -31.69364
-51.50912 -31.69373
-51.50941 -31.69386
-51.51077 -31.69438
-51.51079 -31.69439
-51.51158 -31.69466
-51.51166 -31.69468
-51.51273 -31.69497
-51.51489 -31.69551
-51.51596 -31.69581
-51.51722 -31.69615
-51.53082 -31.69979
-51.53289 -31.70036
-51.53454 -31.70092
-51.53743 -31.70197
-51.53796 -31.70216
-51.53832 -31.70237
-51.53873 -31.70269
-51.53952 -31.70364
-51.53981 -31.70403
-51.54019 -31.70439
-51.54027 -31.70447
-51.54058 -31.70474
-51.5411 -31.7051
-51.54324 -31.70649
-51.54498 -31.70758
-51.54635 -31.70852
-51.55041 -31.71168
-51.55438 -31.71442
-51.5572 -31.71639
-51.55804 -31.71698
-51.55836 -31.71725
-51.55864 -31.71752
-51.55884 -31.71777
-51.55911 -31.71818
-51.55915 -31.71823
-51.55922 -31.71837
-51.55928 -31.71846
-51.55959 -31.71896
-51.5599 -31.71941
-51.55995 -31.71948
-51.56009 -31.71966
-51.56038 -31.71997
-51.56068 -31.72025
-51.56104 -31.72048
-51.56121 -31.72056
-51.56134 -31.72062
-51.56166 -31.72076
-51.56291 -31.72106
-51.56522 -31.72162
-51.56645 -31.72196
-51.56693 -31.72211
-51.56699 -31.72213
-51.56726 -31.72222
-51.56754 -31.72233
-51.56775 -31.72242
-51.56801 -31.72255
-51.56819 -31.72268
-51.56837 -31.72283
-51.56844 -31.72288
-51.56877 -31.7232
-51.56932 -31.7238
-51.56969 -31.72423
-51.57015 -31.72477
-51.57032 -31.72496
-51.57176 -31.72651
-51.57307 -31.72792
-51.57384 -31.72865
-51.57483 -31.7297
-51.57547 -31.73051
-51.57618 -31.73158
-51.57702 -31.73274
-51.5774 -31.73329
-51.57792 -31.73388
-51.57834 -31.73423
-51.57871 -31.7345
-51.57932 -31.73488
-51.57999 -31.73525
-51.5803 -31.73544
-51.58116 -31.73597
-51.58132 -31.73607
-51.58161 -31.73626
-51.58182 -31.73644
-51.58191 -31.73655
-51.58198 -31.73666
-51.58212 -31.73703
-51.58227 -31.73743
-51.58278 -31.73879
-51.58396 -31.74194
-51.58411 -31.74223
-51.58429 -31.74253
-51.58438 -31.74267
-51.58461 -31.74306
-51.58485 -31.7434
-51.5858 -31.74449
-51.5908 -31.74856
-51.60146 -31.757
-51.60383 -31.75868
-51.60729 -31.76092
-51.6131 -31.76452
-51.61906 -31.76822
-51.61913 -31.76826
-51.62239 -31.77027
-51.62282 -31.77054
-51.62675 -31.773
-51.62924 -31.77453
-51.63043 -31.77525
-51.63128 -31.77572
-51.63219 -31.77619
-51.63305 -31.77665
-51.63342 -31.7768
-51.63484 -31.77743
-51.64226 -31.78018
-51.64318 -31.78051
-51.6492 -31.78272
-51.65444 -31.78465
-51.65464 -31.78472
-51.65618 -31.78532
-51.65735 -31.78573
-51.65806 -31.78598
-51.65972 -31.78671
-51.66169 -31.78767
-51.66244 -31.78804
-51.6636 -31.78869
-51.66467 -31.78935
-51.66577 -31.79004
-51.66669 -31.79064
-51.66759 -31.79128
-51.66862 -31.79196
-51.67131 -31.79378
-51.67247 -31.79456
-51.67473 -31.79608
-51.68173 -31.8006
-51.68221 -31.80092
-51.68258 -31.80117
-51.68271 -31.80124
-51.68347 -31.8017
-51.68437 -31.8022
-51.68561 -31.80288
-51.68627 -31.80319
-51.68672 -31.8034
-51.68771 -31.80387
-51.68791 -31.80396
-51.68854 -31.80423
-51.69119 -31.80531
-51.69212 -31.80568
-51.69303 -31.80606
-51.69324 -31.80615
-51.69502 -31.80688
-51.69629 -31.8074
-51.69778 -31.80803
-51.69909 -31.80857
-51.70044 -31.80912
-51.70286 -31.81011
-51.70298 -31.81016
-51.70354 -31.8104
-51.70445 -31.81078
-51.70449 -31.81079
-51.70494 -31.81099
-51.7056 -31.81128
-51.70648 -31.81167
-51.70663 -31.81174
-51.70712 -31.81198
-51.70781 -31.81234
-51.709 -31.81297
-51.70947 -31.81323
-51.71088 -31.81401
-51.71403 -31.81576
-51.71453 -31.81604
-51.71577 -31.81672
-51.7226 -31.82051
-51.7265 -31.82267
-51.72692 -31.82291
-51.72759 -31.82328
-51.72823 -31.82365
-51.72859 -31.82384
-51.72939 -31.82426
-51.72947 -31.8243
-51.72975 -31.82445
-51.72995 -31.82458
-51.73057 -31.82493
-51.73079 -31.82505
-51.73157 -31.82545
-51.73274 -31.82596
-51.7338 -31.82642
-51.73749 -31.82803
-51.73822 -31.82835
-51.7388 -31.8286
-51.73892 -31.82865
-51.73909 -31.82872
-51.73933 -31.82883
-51.7398 -31.82903
-51.73981 -31.82903
-51.74054 -31.82935
-51.74129 -31.82968
-51.74359 -31.8307
-51.74465 -31.83116
-51.7462 -31.83183
-51.74862 -31.83288
-51.74913 -31.8331
-51.75029 -31.8336
-51.7505 -31.83369
-51.75205 -31.83436
-51.75317 -31.83484
-51.75432 -31.83535
-51.75541 -31.83582
-51.75683 -31.83646
-51.75756 -31.8368
-51.7581 -31.83707
-51.75906 -31.83759
-51.76095 -31.83859
-51.76313 -31.83976
-51.76346 -31.83994
-51.76442 -31.84046
-51.76682 -31.84174
-51.76781 -31.84225
-51.77064 -31.84378
-51.77339 -31.84526
-51.7778 -31.84762
-51.78282 -31.85029
-51.78629 -31.85216
-51.78715 -31.85263
-51.78843 -31.85324
-51.79009 -31.85401
-51.79083 -31.85433
-51.79166 -31.85467
-51.79288 -31.85516
-51.79504 -31.85588
-51.79735 -31.85662
-51.80095 -31.85779
-51.80223 -31.8582
-51.80517 -31.85914
-51.80653 -31.85957
-51.80868 -31.86025
-51.81207 -31.86134
-51.81376 -31.86188
-51.81882 -31.8635
-51.81887 -31.86352
-51.82074 -31.86414
-51.82319 -31.86492
-51.82468 -31.86543
-51.82549 -31.86573
-51.82566 -31.8658
-51.82687 -31.86628
-51.82747 -31.86656
-51.82854 -31.86707
-51.82916 -31.86737
-51.83021 -31.86791
-51.83028 -31.86795
-51.83035 -31.86799
-51.83207 -31.8689
-51.8341 -31.86993
-51.83411 -31.86994
-51.83429 -31.87002
-51.83552 -31.87059
-51.83683 -31.87121
-51.83756 -31.87155
-51.8398 -31.87258
-51.84043 -31.87286
-51.84106 -31.87316
-51.84234 -31.87376
-51.84483 -31.87492
-51.84561 -31.87528
-51.84827 -31.87641
-51.84859 -31.87652
-51.84955 -31.87686
-51.85097 -31.87734
-51.85269 -31.87783
-51.85358 -31.87805
-51.85436 -31.87825
-51.85564 -31.87854
-51.85662 -31.87876
-51.85711 -31.87886
-51.8579 -31.87907
-51.85793 -31.87907
-51.85903 -31.8793
-51.85981 -31.87947
-51.86158 -31.87988
-51.86197 -31.87996
-51.86376 -31.88036
-51.86515 -31.88068
-51.86776 -31.88126
-51.86784 -31.88127
-51.86901 -31.88155
-51.86951 -31.88166
-51.87156 -31.88212
-51.87227 -31.88229
-51.87236 -31.88231
-51.87504 -31.88293
-51.87508 -31.88293
-51.87524 -31.88297
-51.87687 -31.88337
-51.87727 -31.88348
-51.87739 -31.88351
-51.87768 -31.88358
-51.87773 -31.88359
-51.87886 -31.88393
-51.87935 -31.88408
-51.87968 -31.88418
-51.87971 -31.88419
-51.88025 -31.88436
-51.88067 -31.88448
-51.88091 -31.88455
-51.88164 -31.88478
-51.88218 -31.88495
-51.88328 -31.88529
-51.8836 -31.88538
-51.88408 -31.88552
-51.88467 -31.8857
-51.88566 -31.886
-51.88605 -31.88612
-51.88661 -31.88629
-51.88675 -31.88633
-51.88822 -31.88677
-51.88889 -31.88698
-51.89216 -31.88796
-51.89311 -31.88826
-51.89571 -31.88905
-51.89811 -31.88977
-51.89823 -31.8898
-51.8984 -31.88985
-51.89901 -31.89003
-51.89945 -31.89016
-51.90054 -31.89047
-51.90071 -31.89052
-51.90119 -31.89066
-51.9026 -31.89107
-51.90391 -31.89143
-51.90436 -31.89157
-51.9052 -31.89183
-51.90603 -31.89209
-51.90698 -31.89242
-51.90701 -31.89243
-51.9077 -31.89269
-51.90776 -31.89272
-51.90869 -31.8931
-51.90921 -31.89332
-51.90927 -31.89334
-51.90994 -31.89365
-51.91016 -31.89376
-51.91033 -31.89384
-51.91091 -31.89412
-51.91096 -31.89415
-51.91149 -31.89443
-51.91183 -31.89461
-51.91278 -31.89515
-51.91307 -31.89531
-51.91333 -31.89547
-51.91341 -31.89551
-51.91365 -31.89566
-51.91393 -31.89583
-51.91436 -31.89611
-51.9145 -31.8962
-51.9154 -31.89682
-51.91585 -31.89715
-51.91629 -31.89747
-51.91636 -31.89751
-51.91638 -31.89752
-51.91709 -31.89804
-51.91774 -31.8985
-51.91834 -31.89894
-51.91869 -31.89919
-51.91914 -31.89952
-51.92144 -31.90118
-51.92248 -31.90194
-51.92399 -31.90302
-51.92547 -31.90409
-51.92638 -31.90474
-51.92645 -31.90479
-51.92693 -31.90514
-51.92731 -31.90542
-51.9277 -31.90569
-51.92979 -31.90722
-51.93026 -31.90757
-51.93406 -31.9103
-51.93414 -31.91036
-51.93596 -31.91167
-51.93818 -31.91328
-51.93844 -31.91347
-51.94231 -31.91628
-51.94352 -31.91716
-51.9462 -31.91909
-51.94684 -31.91956
-51.94703 -31.9197
-51.94904 -31.92115
-51.9503 -31.92206
-51.95053 -31.92223
-51.95239 -31.92357
-51.95246 -31.92362
-51.95386 -31.92463
-51.95572 -31.92598
-51.95655 -31.92659
-51.95732 -31.92718
-51.95797 -31.92772
-51.95923 -31.9288
-51.96113 -31.93052
-51.96409 -31.93327
-51.96429 -31.93346
-51.96588 -31.93492
-51.96632 -31.9353
-51.96632 -31.93531
-51.96838 -31.93721
-51.97024 -31.93894
-51.97026 -31.93895
-51.97335 -31.94181
-51.97356 -31.942
-51.97561 -31.94389
-51.97666 -31.94485
-51.97703 -31.94519
-51.97736 -31.9455
-51.97848 -31.94652
-51.97882 -31.94684
-51.97991 -31.94784
-51.97993 -31.94786
-51.98186 -31.94963
-51.98213 -31.94991
-51.98297 -31.95068
-51.98316 -31.95085
-51.98359 -31.95125
-51.98402 -31.95168
-51.98451 -31.95216
-51.98538 -31.95307
-51.98589 -31.95362
-51.98625 -31.95403
-51.98676 -31.95466
-51.98829 -31.95654
-51.98845 -31.95675
-51.98877 -31.95716
-51.99073 -31.95962
-51.99205 -31.96128
-51.99304 -31.96252
-51.99453 -31.96439
-51.99544 -31.96551
-51.99578 -31.96594
-51.99609 -31.96632
-51.99693 -31.96738
-51.99779 -31.96847
-51.99873 -31.96964
-51.99937 -31.97045
-52.00025 -31.97152
-52.00107 -31.97249
-52.00178 -31.97325
-52.00227 -31.97377
-52.00275 -31.97427
-52.00276 -31.97428
-52.00355 -31.97506
-52.00388 -31.97537
-52.00431 -31.97577
-52.00461 -31.97604
-52.00474 -31.97616
-52.00514 -31.97651
-52.00618 -31.97741
-52.00775 -31.97871
-52.00979 -31.98038
-52.00984 -31.98042
-52.01127 -31.98162
-52.01177 -31.98203
-52.01335 -31.98336
-52.01422 -31.98408
-52.01688 -31.98628
-52.01747 -31.98677
-52.01908 -31.98811
-52.01968 -31.98858
-52.02152 -31.99011
-52.02424 -31.99237
-52.02441 -31.9925
-52.02465 -31.99271
-52.02786 -31.99538
-52.02801 -31.9955
-52.02801 -31.99551
-52.02816 -31.99563
-52.0283 -31.99575
-52.02847 -31.99588
-52.02861 -31.996
-52.02919 -31.99648
-52.03041 -31.99751
-52.03164 -31.99854
-52.03208 -31.99892
-52.03285 -31.99955
-52.0333 -31.99991
-52.03365 -32.00021
-52.03393 -32.00044
-52.03429 -32.00074
-52.03451 -32.00094
-52.03469 -32.00112
-52.03486 -32.0013
-52.03488 -32.00131
-52.0351 -32.00158
-52.03521 -32.00173
-52.03525 -32.00178
-52.03527 -32.0018
-52.0354 -32.00197
-52.03576 -32.00253
-52.03597 -32.00285
-52.03623 -32.00327
-52.03641 -32.00354
-52.03661 -32.00385
-52.03665 -32.00391
-52.03687 -32.00427
-52.03711 -32.00467
-52.03715 -32.00475
-52.03718 -32.00481
-52.03729 -32.00497
-52.03736 -32.0051
-52.03744 -32.00523
-52.0376 -32.00548
-52.0377 -32.00564
-52.03779 -32.00577
-52.03787 -32.00588
-52.03788 -32.00591
-52.0379 -32.00594
-52.03799 -32.00607
-52.03802 -32.00613
-52.03816 -32.00636
-52.03822 -32.00644
-52.03822 -32.00645
-52.03832 -32.0065
-52.0384 -32.00659
-52.03856 -32.00686
-52.03872 -32.00713
-52.03886 -32.00736
-52.03891 -32.00743
-52.03898 -32.00755
-52.03916 -32.00782
-52.03917 -32.00784
-52.0393 -32.00807
-52.0394 -32.00826
-52.0396 -32.00861
-52.03971 -32.00875
-52.03983 -32.00894
-52.0399 -32.00904
-52.03997 -32.00913
-52.04009 -32.00938
-52.04019 -32.00952
-52.04041 -32.00977
-52.04089 -32.00998
-52.04138 -32.01015
-52.0413821 -32.0101536
-52.04168 -32.01025
-52.04197 -32.01034
-52.04213 -32.01039
-52.04228 -32.01044
-52.04261 -32.01056
-52.04294 -32.01067
-52.0429407 -32.0106711
-52.0428 -32.01123
-52.04265 -32.01182
-52.0426493 -32.0118161
-52.0429 -32.01187
-52.04298 -32.01189
-52.04331 -32.01196
-52.04365 -32.01204
-52.04374 -32.01206
-52.0437392 -32.0120589
-52.04493 -32.01224
-52.04975 -32.01258
-52.05323 -32.01287
-52.05984 -32.0134
-52.06082 -32.01359
-52.06141 -32.01377
-52.06203 -32.01402
-52.065 -32.0155
-52.06595 -32.01606
-52.07044 -32.01991
-52.07059 -32.02003
-52.07234 -32.02154
-52.07309 -32.02208
-52.07378 -32.02231
-52.07431 -32.02244
-52.07511 -32.02257
-52.0805 -32.02327
-52.08097 -32.02346
-52.08126 -32.02364
-52.08267 -32.02518
-52.08676 -32.02965
-52.08688 -32.02979
-52.08697 -32.02988
-52.08702 -32.0299
-52.08707 -32.02993
-52.08733 -32.03005
-52.08832 -32.03049
-52.0883227 -32.0304854
-52.08834 -32.03049
-52.08835 -32.0305
-52.08855 -32.03067
-52.0885527 -32.0306692
-52.08846 -32.03068
-52.08844 -32.03069
-52.08842 -32.0307
-52.0884 -32.0307
-52.08838 -32.03071
-52.08837 -32.03073
-52.08836 -32.03073
-52.08836 -32.03074
-52.08836 -32.03075
-52.08835 -32.03076
-52.08831 -32.03122
-52.0883 -32.03128
-52.08827 -32.03167
-52.08821 -32.03228
-52.08816 -32.03286
-52.08815 -32.03297
-52.08803 -32.03382
-52.08792 -32.03467
-52.08792 -32.03471
-52.08792 -32.03474
-52.08783 -32.03546
-52.0878 -32.03569
-52.08776 -32.03616
-52.08775 -32.03624
-52.08769 -32.03674
-52.08763 -32.03724
-52.08753 -32.03798
-52.08756 -32.03803
-52.08757 -32.03807
-52.08762 -32.03815
-52.087619 -32.038154
-52.08763 -32.03815
-52.08763 -32.03816
-52.08764 -32.03816
-52.08765 -32.03816
-52.08766 -32.03816
-52.08767 -32.03817
-52.08768 -32.03817
-52.08769 -32.03818
-52.0877 -32.03818
-52.0877 -32.03819
-52.08771 -32.03819
-52.08771 -32.0382
-52.08772 -32.03821
-52.08772 -32.03822
-52.08772 -32.03823
-52.08773 -32.03823
-52.08773 -32.03824
-52.08773 -32.03825
-52.08773 -32.03826
-52.08789 -32.0383
-52.08835 -32.03843
-52.08881 -32.03857
-52.08919 -32.03868
-52.08991 -32.03889
-52.09025 -32.03898
-52.09058 -32.03908
-52.09111 -32.03924
-52.09165 -32.0394
-52.09186 -32.03945
-52.09208 -32.03951
-52.09319 -32.03985
-52.09364 -32.03999
-52.09406 -32.04012
-52.09411 -32.04013
-52.09414 -32.04014
-52.09464 -32.04029
-52.09517 -32.04045
-52.0952 -32.04045
-52.09524 -32.04046
-52.09567 -32.04059
-52.09591 -32.04067
-52.0959117 -32.0406714
-52.09587 -32.04083
-52.09576 -32.04118
-52.09573 -32.04135
-52.09573 -32.04146
-52.09572 -32.04151
-52.09577 -32.04164
-52.0957728 -32.0416355
-52.09611 -32.04158
-52.09645 -32.04151
-52.09724 -32.04136
-52.0979 -32.04124
-52.09857 -32.04112
-52.09861 -32.0411
-52.09866 -32.0411
-52.09926 -32.04099
-52.10002 -32.04085
-52.10082 -32.0407
-52.10114 -32.04064
-52.10157 -32.04051
-52.1015731 -32.0405083
-52.10158 -32.0405
-52.10159 -32.04049
-52.1016 -32.04049
-52.10161 -32.04048
-52.10162 -32.04047
-52.10163 -32.04047
-52.10164 -32.04046
-52.10165 -32.04046
-52.10166 -32.04046
-52.10166 -32.04045
-52.10167 -32.04045
-52.10168 -32.04045
-52.10169 -32.04045
-52.1017 -32.04046
-52.10171 -32.04046
-52.10172 -32.04046
-52.10174 -32.04046
-52.10176 -32.04046
-52.1018 -32.04048
-52.10187 -32.04051
-52.10196 -32.04056
-52.10199 -32.04059
-52.10203 -32.04061
-52.10211 -32.04065
-52.1021112 -32.0406481
-52.10207 -32.04071
-52.10196 -32.04093
-52.1019575 -32.0409277
-52.10191 -32.04099
-52.10187 -32.04096
-52.10176 -32.04084
-52.10171 -32.04079
-52.1017 -32.04078
-52.1017027 -32.0407836
